525
377
211
211
242
281
211
211
211
211
265
350
211
211
211
211
242
211
211
211
211
211
342
211
211
211
211
242
211
211
242
213
211
231
211
211
211
211
211
211
211
211
211
211
773
255
214
214
214
299
255
255
214
214
214
253
214
214
214
214
214
214
214
214
214
217
230
214
214
214
214
214
214
217
214
214
214
227
214
214
214
216
214
214
214
214
214
214
271
214
214
214
214
214
214
214
214
217
214
365
214
214
214
214
214
233
214
214
214
214
222
214
214
214
214
214
214
214
214
214
214
214
214
214
214
214
214
214
266
214
214
214
214
214
214
214
216
214
214
214
214
214
214
408
214
214
214
266
214
214
214
214
214
214
217
233
214
214
214
214
214
214
214
217
214
214
214
214
214
214
222
214
214
214
214
214
264
214
217
214
214
214
214
214
214
214
217
214
214
214
214
214
214
218
214
214
214
214
286
214
214
214
214
214
214
214
214
214
214
277
214
214
214
214
214
214
222
214
214
214
214
214
214
214
214
214
214
214
214
214
214
231
214
214
214
214
214
214
214
223
214
214
239
214
214
214
214
216
214
278
217
214
214
227
214
214
214
214
214
214
214
214
220
214
307
214
214
214
214
214
214
222
214
214
214
795
212
234
212
212
212
212
212
212
212
212
212
228
212
212
212
212
212
212
212
212
212
212
212
212
212
212
212
212
212
212
212
212
219
212
212
212
212
212
212
212
212
212
212
212
212
212
212
212
288
234
215
215
215
215
215
267
215
215
215
215
215
215
215
219
215
225
215
215
215
215
215
215
215
215
215
215
215
215
215
215
215
215
215
215
215
215
215
219
215
215
215
215
215
215
215
221
215
215
215
215
215
215
215
215
215
215
215
215
215
383
215
215
215
215
215
215
234
215
215
215
225
215
215
215
215
215
215
215
215
215
215
215
218
215
215
215
215
215
215
215
218
215
215
215
215
215
215
215
215
215
215
215
215
225
215
215
218
215
215
215
215
215
215
215
218
215
215
215
215
215
215
215
218
215
215
215
215
215
215
215
218
215
215
215
215
215
225
215
215
215
215
215
215
215
215
215
218
215
215
215
215
215
215
215
218
215
215
215
215
215
215
267
215
215
215
215
215
215
215
218
215
215
215
215
215
215
215
215
215
215
240
215
215
215
232
215
215
215
215
215
215
215
218
215
215
215
215
215
215
215
215
418
234
215
234
215
215
215
215
215
215
215
218
215
215
215
234
215
215
267
215
215
215
215
559
232
216
216
216
247
216
216
216
216
216
216
216
216
216
216
216
216
216
216
216
216
223
216
216
216
216
216
216
216
216
216
216
216
216
216
216
216
216
216
216
216
216
265
232
228
230
230
216
216
216
216
216
216
216
220
216
216
216
216
216
228
216
216
216
216
216
216
216
216
216
216
216
216
216
216
216
216
216
216
216
216
216
216
216
216
216
216
220
216
216
216
216
216
216
216
216
216
216
326
216
216
216
216
216
216
216
216
216
216
218
216
216
216
216
216
216
216
216
216
216
220
216
216
216
216
216
216
216
216
216
216
216
216
216
216
216
216
216
216
216
216
216
238
216
216
216
216
216
216
216
216
216
216
220
216
216
216
216
216
216
216
216
216
216
216
216
216
216
216
216
216
216
216
216
216
216
216
216
216
216
216
216
216
216
216
216
238
216
216
216
216
216
216
216
216
216
216
216
216
216
216
216
216
216
247
216
216
216
216
216
216
216
216
216
216
216
216
216
216
216
216
216
216
216
216
216
216
216
216
216
216
216
216
216
216
216
216
216
216
216
216
297
216
216
216
216
216
216
216
216
216
216
216
216
216
216
216
216
247
216
216
216
216
216
216
216
216
216
216
216
216
216
216
216
458
211
211
211
211
246
242
211
211
211
227
211
211
211
211
211
211
211
211
211
211
211
211
211
211
211
211
211
211
211
211
211
211
524
227
212
212
211
211
211
211
211
211
211
211
211
211
211
211
211
211
211
211
211
211
211
211
211
211
211
211
211
211
211
211
211
218
211
211
211
211
211
211
211
211
211
211
211
211
211
211
211
211
211
211
211
211
211
211
211
211
211
211
211
211
211
211
211
211
273
211
211
211
211
211
211
211
211
211
211
211
211
211
211
211
211
211
211
211
211
211
211
211
211
211
211
211
211
211
211
211
211
218
211
211
211
211
211
211
211
211
211
211
211
211
211
211
211
211
211
211
211
211
211
195
211
211
211
211
211
211
211
211
211
211
211
211
211
211
211
211
211
242
211
211
211
231
211
211
211
211
211
211
211
211
211
211
211
211
211
211
211
211
211
211
211
211
211
211
211
262
211
211
211
211
211
211
211
211
211
211
211
211
211
211
211
211
211
211
211
211
211
211
211
211
211
211
242
211
211
211
211
211
211
211
211
211
211
211
211
211
211
269
211
211
211
211
211
211
211
211
211
211
211
211
211
211
211
211
211
211
211
211
211
231
211
211
211
211
211
211
211
211
211
211
536
213
213
213
213
244
213
213
213
213
213
213
213
213
213
213
213
213
213
213
213
213
240
213
213
213
213
213
213
213
213
213
213
213
213
213
213
213
213
213
213
213
213
213
213
213
213
213
213
213
213
213
213
213
213
240
213
213
213
213
244
229
213
213
213
213
213
213
213
213
213
213
213
213
213
213
213
235
213
213
213
213
213
213
213
213
213
213
220
213
213
213
213
213
213
213
213
213
213
331
213
213
213
213
213
213
213
213
213
213
220
213
213
213
213
213
213
213
213
213
213
235
213
213
213
213
213
213
213
213
213
213
213
213
213
213
213
213
213
213
213
213
213
235
213
229
213
213
213
213
213
213
213
213
235
213
213
213
213
213
213
213
213
213
213
213
213
213
213
213
213
213
213
213
213
213
235
213
213
213
213
213
213
213
213
213
213
228
213
213
213
213
213
213
213
213
213
213
213
213
213
213
213
213
213
213
213
213
213
213
213
213
213
213
213
213
213
213
213
213
213
213
213
213
213
213
213
259
250
217
213
329
213
213
213
213
213
213
213
213
213
213
213
213
511
213
213
213
213
213
213
213
213
213
213
213
213
213
213
213
213
213
213
213
213
213
213
213
213
213
213
213
213
213
213
565
217
217
217
217
248
217
217
217
217
217
217
217
217
217
217
217
217
217
217
217
217
217
217
217
217
217
217
217
217
217
217
239
217
217
217
217
217
217
233
233
217
217
217
233
217
217
217
217
506
233
217
231
231
217
217
217
217
217
217
217
217
217
217
217
217
217
217
217
217
217
217
217
217
217
217
217
217
217
217
217
217
217
233
217
217
217
217
338
217
217
217
217
217
217
217
217
217
217
230
217
217
217
217
217
217
217
217
217
217
224
217
217
217
217
217
217
217
217
217
217
217
217
217
217
217
217
217
217
217
217
217
217
217
217
217
217
217
217
217
217
217
217
217
515
217
217
217
217
217
217
217
217
217
224
233
233
217
217
217
217
217
217
217
217
217
217
217
217
217
217
217
217
217
217
217
217
217
217
217
217
217
217
217
217
217
217
237
217
217
217
217
217
217
217
217
217
217
217
217
217
217
217
217
217
248
233
233
217
217
217
217
217
217
217
217
217
217
217
217
217
217
217
217
217
217
217
217
217
217
217
322
217
217
217
217
217
217
217
217
217
217
217
217
217
217
217
217
217
248
233
233
217
217
217
217
217
217
217
217
217
217
217
217
217
217
217
217
217
217
217
217
217
217
217
693
230
214
214
245
245
214
214
214
214
214
214
214
214
214
230
214
214
214
214
214
214
214
214
214
214
214
214
214
214
214
214
214
334
262
289
217
217
217
217
217
217
217
247
220
217
217
217
217
217
217
217
217
217
217
220
217
217
217
223
217
217
217
217
217
217
264
221
217
217
217
217
217
217
217
225
217
207
217
217
217
217
217
221
217
217
217
217
217
217
217
272
217
217
217
217
217
217
217
341
220
217
217
217
272
217
217
217
217
217
220
269
217
217
217
217
217
217
217
223
217
220
217
217
217
217
217
241
217
217
217
217
217
217
226
217
217
217
217
217
217
217
223
217
217
217
217
217
217
217
241
217
217
217
220
217
217
225
217
217
217
217
217
217
217
241
217
217
217
217
217
217
217
241
217
217
217
217
217
217
221
217
217
217
217
217
217
217
238
217
217
217
217
217
217
217
238
217
217
217
217
217
217
223
217
217
217
217
217
653
217
217
217
217
217
217
238
217
217
217
217
217
217
220
217
217
217
278
217
217
217
217
217
217
217
217
217
217
217
217
217
217
217
217
220
217
217
217
217
217
217
217
217
220
217
217
217
217
234
217
217
217
217
217
223
217
217
217
217
217
217
264
220
217
217
565
230
214
214
214
245
214
214
214
214
214
221
214
214
214
214
214
214
214
214
214
230
214
214
214
214
214
214
214
214
214
214
214
214
214
214
214
214
214
214
214
214
214
214
221
214
214
214
214
245
230
230
230
214
214
214
214
214
214
214
214
214
214
214
214
214
214
214
214
214
214
214
214
214
214
214
214
221
214
214
214
214
214
214
214
214
214
214
214
214
214
214
214
214
214
214
214
214
214
214
214
214
214
214
214
214
214
214
214
214
230
230
214
214
214
214
214
214
214
214
214
218
214
214
358
214
214
214
214
214
214
214
214
214
214
214
214
214
214
214
214
214
214
223
214
214
214
214
214
214
214
214
214
214
234
214
214
214
214
214
214
214
214
214
214
214
214
214
214
214
214
214
245
230
214
214
214
214
214
214
214
214
214
214
214
214
214
214
214
214
214
214
214
214
214
214
214
214
216
214
214
214
214
214
214
214
214
214
214
214
214
214
214
214
214
214
214
230
230
214
214
214
214
214
214
214
214
214
214
214
214
214
214
214
214
214
214
214
214
214
214
214
214
214
214
214
214
214
214
214
214
214
214
234
214
214
214
214
214
214
214
214
214
214
214
214
214
214
214
214
214
214
230
214
214
483
228
212
212
212
243
212
212
212
212
212
219
212
212
212
212
294
243
212
212
212
212
228
212
212
212
212
212
212
212
212
212
212
212
212
212
212
212
212
212
212
212
212
212
219
212
212
212
212
212
212
212
212
212
212
228
212
212
212
212
212
212
212
212
212
212
212
212
212
212
212
212
212
212
212
212
212
212
212
212
212
212
501
228
226
226
212
212
212
212
212
212
212
212
212
212
212
212
212
212
212
212
212
212
212
212
212
212
212
212
212
212
212
212
212
212
212
212
212
212
212
212
212
212
212
212
212
212
212
212
212
212
216
212
212
212
212
212
212
212
212
212
212
212
212
212
212
212
212
212
212
212
212
212
234
212
212
212
212
212
212
212
212
212
212
263
212
212
212
212
212
212
212
212
212
212
232
212
212
212
212
212
212
212
212
212
212
212
212
212
212
212
212
212
243
228
212
212
212
212
212
212
212
212
212
212
212
212
212
212
212
212
212
212
212
212
212
212
212
212
269
244
229
214
189
189
189
189
189
189
189
189
189
189
189
189
198
189
364
189
189
189
189
189
189
189
189
189
189
189
189
198
189
189
189
189
189
189
189
189
189
189
189
189
189
198
189
189
189
189
189
189
189
189
189
531
216
189
189
189
231
189
189
189
189
189
189
189
189
189
189
189
189
189
189
189
189
189
189
189
189
189
195
189
189
189
189
191
206
189
189
189
189
189
189
189
189
189
231
319
189
189
189
189
189
244
189
189
189
189
180
189
189
189
189
189
189
189
189
189
189
206
189
189
189
189
189
189
189
189
189
189
186
189
189
189
189
198
189
189
189
189
189
180
189
189
189
189
189
189
189
189
189
198
206
189
189
189
189
189
189
189
189
189
189
201
189
189
198
189
189
189
189
189
189
189
189
189
198
189
189
189
189
323
189
189
189
237
189
189
189
189
189
198
189
189
189
189
189
189
189
189
189
189
189
316
189
189
189
206
189
189
450
225
211
196
196
196
196
196
186
196
196
196
196
196
196
196
196
196
196
209
196
196
196
196
196
196
196
196
196
196
186
196
196
196
196
196
196
196
196
196
196
229
196
196
196
196
196
196
196
196
196
196
198
196
196
196
196
196
196
196
196
196
196
186
196
196
196
196
196
196
196
196
198
196
186
196
196
196
196
196
196
196
196
196
196
186
196
196
196
196
196
196
196
196
196
196
186
196
196
196
196
196
196
196
196
196
196
196
196
196
196
196
196
196
196
196
196
196
495
200
198
198
198
215
198
198
198
198
198
186
198
198
198
198
198
198
198
198
198
198
186
198
198
198
198
198
198
198
198
198
198
187
198
198
198
198
198
198
198
198
198
198
198
198
198
198
198
229
200
198
198
198
198
186
198
198
198
198
198
198
198
198
198
198
346
198
198
198
198
198
198
198
198
198
198
198
198
198
198
198
198
198
198
198
198
198
206
198
198
198
198
198
198
198
198
198
198
180
198
198
198
198
198
198
198
198
198
198
198
198
198
198
198
198
198
198
198
198
198
186
198
198
198
198
198
198
198
198
198
198
180
198
198
198
198
198
198
198
198
198
198
186
198
198
198
198
198
198
198
198
198
198
206
198
198
198
198
198
198
198
198
198
198
186
198
198
535
198
198
198
198
198
198
198
186
198
198
198
198
198
198
198
198
198
198
186
198
198
198
198
198
198
198
198
198
198
198
198
198
198
198
198
325
198
198
198
198
198
198
198
198
198
198
198
198
198
198
198
358
198
198
198
198
198
198
198
198
198
198
198
198
198
198
198
198
198
198
198
198
198
198
198
198
198
198
198
198
198
198
198
198
206
198
198
198
198
198
198
198
198
198
198
198
198
198
198
198
198
198
198
198
198
198
420
198
196
196
196
247
196
196
196
196
196
185
196
196
196
196
196
196
196
196
196
196
189
196
196
196
196
196
196
196
196
196
196
196
196
196
196
196
218
196
196
196
196
196
196
196
196
196
333
227
198
196
196
196
196
201
196
196
196
196
196
196
196
196
196
210
198
196
196
196
196
544
198
196
196
196
196
198
196
196
196
196
196
196
196
196
196
196
246
196
196
196
196
196
196
196
196
196
196
198
196
196
196
196
196
196
196
196
196
196
196
196
196
196
196
196
196
196
196
196
196
185
196
196
196
196
196
196
196
196
196
196
185
196
196
196
196
196
196
196
196
196
196
185
196
196
196
196
196
196
196
196
196
196
185
196
196
196
196
196
196
196
196
196
196
185
196
196
196
196
196
196
216
196
196
196
196
196
196
196
196
196
196
196
196
196
196
196
196
196
196
196
196
196
196
196
196
196
196
196
196
196
196
196
196
196
196
196
196
196
196
196
196
196
196
196
196
196
196
196
196
196
196
216
196
196
196
196
196
196
196
196
196
196
196
196
196
196
196
196
196
196
196
196
196
196
196
196
196
196
196
196
196
196
196
196
196
196
196
196
196
196
196
196
196
196
196
196
196
196
196
196
196
196
196
617
213
196
196
196
196
196
196
196
196
198
198
196
196
196
196
196
196
196
196
196
196
186
196
196
196
196
196
196
196
196
196
196
187
196
196
196
196
196
196
196
196
196
196
198
196
196
196
196
196
196
196
196
196
196
186
196
196
196
196
196
196
196
196
196
196
186
196
196
196
196
196
196
196
196
196
196
167
196
196
196
196
213
198
196
196
196
196
186
196
196
196
196
196
196
196
196
196
196
186
196
196
196
196
196
196
196
196
196
196
186
196
196
196
196
196
196
196
196
196
196
196
196
196
196
196
196
196
196
196
198
196
196
196
196
196
196
196
196
196
196
196
196
230
196
196
196
196
196
196
196
196
196
196
196
196
196
196
196
196
196
196
196
196
196
196
196
196
196
196
196
196
196
196
196
196
196
196
196
196
196
196
196
196
196
196
196
196
196
196
196
196
196
196
196
196
196
196
196
196
196
196
196
196
196
196
196
196
196
196
196
196
196
196
196
196
196
196
196
196
196
196
196
196
196
196
196
196
196
196
196
196
196
196
196
196
196
196
196
196
196
196
196
196
196
196
196
196
196
196
196
196
196
196
196
196
196
196
196
196
196
196
196
196
196
196
196
196
196
196
196
196
196
196
196
503
200
198
198
198
215
198
198
198
198
198
186
198
198
198
198
198
198
198
198
198
198
193
198
198
198
198
198
198
198
198
198
198
305
200
198
198
198
215
198
198
198
198
198
198
198
198
198
198
652
200
198
198
198
198
186
198
198
198
198
198
198
198
198
198
198
198
198
198
198
198
198
198
198
198
198
198
206
198
198
198
198
198
198
198
198
198
198
167
198
198
198
198
198
198
198
198
198
198
198
198
198
198
198
198
198
198
198
198
198
186
198
198
198
198
198
198
198
198
198
198
186
198
198
198
198
198
198
198
198
198
198
198
198
198
198
198
198
198
198
198
198
198
186
198
198
198
198
198
198
198
198
198
198
198
198
198
198
198
198
198
198
198
198
198
198
198
198
198
198
198
198
198
198
198
198
186
198
198
198
198
198
198
198
198
198
198
329
198
198
198
198
198
198
198
198
198
198
198
198
198
198
198
198
198
198
198
198
198
198
198
198
198
198
198
198
198
198
198
198
200
198
198
198
198
198
198
198
198
198
198
198
198
198
198
198
198
198
198
198
198
198
198
198
198
198
198
198
198
198
198
198
198
198
198
198
198
198
198
198
198
198
198
198
198
198
198
198
198
198
198
198
198
198
198
554
199
197
197
197
214
197
197
197
197
197
197
197
197
197
197
197
197
197
197
197
197
197
197
197
197
197
197
197
197
197
197
197
218
197
197
197
197
219
197
197
197
197
197
236
197
197
197
197
197
197
197
197
197
197
187
197
197
197
197
197
197
197
197
197
197
197
197
197
197
197
290
199
376
197
197
197
264
197
197
197
197
197
197
197
197
197
197
197
197
197
197
197
197
197
197
197
197
197
225
197
197
210
197
197
197
197
197
197
197
187
197
197
197
197
197
197
197
197
197
239
252
197
197
197
197
197
197
197
197
197
197
197
197
197
197
197
197
197
197
197
197
197
531
197
197
197
197
197
197
197
197
197
197
187
197
197
197
197
197
197
197
197
197
197
197
197
197
197
197
197
197
197
197
197
197
397
197
197
197
197
197
197
197
197
197
197
252
197
197
197
197
197
197
197
197
197
197
197
197
197
197
197
197
197
197
197
197
197
197
197
197
197
197
197
197
197
197
197
197
443
197
197
197
197
197
197
197
197
197
197
187
197
197
197
197
197
197
197
197
234
197
291
197
197
197
197
300
197
197
197
197
197
187
197
197
197
197
197
197
197
197
197
197
187
197
233
197
197
197
197
197
197
197
197
