341
295
347
291
204
209
201
209
201
209
204
372
204
209
201
209
201
207
201
206
287
210
201
209
201
209
201
209
433
207
204
209
201
209
201
209
201
360
204
209
201
209
201
209
201
217
204
209
201
209
307
184
184
184
184
184
184
184
184
184
184
184
184
184
184
184
184
184
184
184
184
184
184
184
184
184
184
184
184
184
184
184
184
184
184
184
184
184
184
184
184
184
184
184
184
184
184
221
205
186
200
184
184
184
201
189
184
184
184
184
184
184
184
184
184
184
184
188
184
184
184
184
184
184
184
184
184
201
185
184
184
184
184
184
184
184
184
184
184
184
184
184
184
184
184
184
184
184
184
184
184
184
184
184
184
184
184
184
184
184
184
184
184
184
184
184
184
184
184
184
184
184
184
184
184
184
184
184
184
184
184
184
184
184
184
184
184
184
184
184
184
184
184
184
184
184
184
184
184
184
184
184
184
184
184
184
184
184
184
184
184
184
184
184
184
184
184
184
184
184
184
184
184
184
184
184
184
184
184
184
184
184
184
184
184
184
184
184
184
184
184
184
184
184
184
184
184
184
184
184
215
200
184
184
184
188
184
184
184
184
184
184
184
184
184
184
184
186
184
184
184
184
184
184
184
201
184
184
184
184
184
184
184
184
184
184
184
184
184
184
184
184
184
184
184
184
184
184
189
184
184
184
184
184
184
184
184
184
184
184
184
184
184
184
184
184
184
184
184
184
184
184
39893
215
220
218
217
205
206
200
220
200
208
206
206
217
203
205
248
220
201
184
201
190
184
184
186
207
184
189
207
184
186
184
213
194
186
184
192
184
201
190
196
203
196
184
184
189
206
184
196
190
191
184
184
201
184
206
184
184
184
184
184
184
184
184
184
184
184
184
184
184
184
184
184
184
184
184
184
184
184
184
184
184
184
184
184
184
184
184
184
184
184
184
184
184
184
184
184
184
184
184
184
184
184
184
184
184
184
184
184
184
184
184
184
184
184
184
184
184
184
184
184
184
184
184
184
184
184
184
184
184
184
184
184
184
184
184
184
184
184
184
184
184
184
184
184
184
184
184
184
184
184
184
184
184
184
184
184
184
184
184
184
184
184
184
184
184
184
184
184
184
184
184
184
184
184
184
184
184
184
184
184
184
184
184
184
184
184
184
184
184
184
184
184
184
184
184
184
184
184
184
184
184
184
184
184
184
184
184
184
184
184
184
184
184
184
184
184
184
184
184
184
184
184
184
184
184
184
184
184
184
184
184
184
184
184
184
184
184
184
184
184
184
184
184
184
184
184
184
184
184
184
184
184
184
184
184
184
184
184
184
184
184
184
184
184
184
184
204
184
184
184
184
184
184
184
184
184
184
215
185
184
184
184
224
216
184
184
184
201
184
184
184
184
184
186
186
184
184
184
184
184
217
184
203
186
209
184
184
184
194
184
184
189
185
201
184
186
184
184
184
201
184
184
184
184
201
189
184
205
184
184
184
184
184
184
184
184
184
201
184
184
184
184
184
184
186
184
184
184
184
184
184
184
184
184
184
184
184
184
184
184
184
184
184
184
184
184
184
184
184
184
184
184
184
184
184
184
184
184
184
184
184
184
184
184
184
184
184
184
184
184
184
184
184
184
184
184
184
184
184
184
184
184
184
184
184
184
184
184
184
184
184
184
184
184
184
184
184
184
184
184
184
184
184
184
184
184
184
184
184
184
184
184
184
184
184
184
184
184
184
184
184
184
184
184
184
184
184
184
184
184
184
184
184
184
184
184
184
184
184
184
184
184
184
184
184
184
184
184
184
184
184
184
184
184
184
184
184
184
184
184
184
184
184
184
184
184
184
184
184
184
184
184
184
184
184
184
184
184
184
184
184
184
184
184
184
184
184
184
184
184
184
184
184
184
184
184
184
184
184
184
184
184
184
184
184
184
184
184
184
184
184
184
184
184
184
184
184
184
184
184
184
184
184
184
184
184
184
184
184
184
291
184
184
184
184
184
184
184
184
184
184
184
184
184
184
184
184
184
272
184
184
184
184
184
184
184
184
184
184
184
184
184
185
184
184
184
184
184
184
184
184
184
184
184
186
184
184
184
184
184
184
184
184
184
184
184
184
184
184
184
184
184
184
184
184
184
184
184
184
184
184
184
184
184
184
184
184
206
184
184
184
184
254
184
184
184
184
184
184
184
184
184
184
184
186
184
184
184
184
184
184
184
184
184
184
184
184
184
193
184
184
184
184
184
184
184
184
184
184
184
184
184
184
184
184
184
184
184
184
184
184
184
184
184
184
184
184
184
184
184
184
184
184
184
184
184
184
184
184
184
184
260
238
208
189
225
186
213
190
201
209
186
207
184
190
201
190
186
201
204
190
191
190
184
283
193
194
220
190
223
184
214
209
208
190
209
209
186
207
201
194
197
206
186
189
196
201
194
196
204
189
184
184
184
184
184
184
184
184
184
184
184
184
184
184
184
184
184
184
184
184
184
184
184
184
184
184
184
184
184
184
184
184
184
184
184
184
184
184
184
184
184
184
184
184
184
184
184
184
184
184
184
184
184
184
184
184
184
184
184
184
184
184
184
184
184
184
184
184
184
184
184
184
184
184
184
184
184
184
184
184
184
184
184
184
184
184
184
184
184
184
184
184
184
184
184
184
184
184
184
184
184
184
184
184
184
184
184
184
184
184
184
184
184
184
184
184
184
200
184
184
184
184
184
184
184
184
226
190
184
184
184
184
184
184
184
184
201
184
189
184
202
189
184
186
184
184
184
189
184
184
184
201
184
207
185
184
186
186
184
193
189
184
184
184
184
184
184
184
184
184
184
184
184
184
184
184
184
184
184
184
184
184
184
184
184
184
184
184
184
184
184
184
184
184
184
184
184
184
184
184
184
184
184
184
184
184
184
184
184
184
184
184
184
184
184
184
184
184
184
184
184
184
184
184
184
184
184
184
184
184
184
184
184
184
184
184
184
184
184
184
184
184
184
184
184
184
184
184
184
184
184
184
184
184
184
184
184
184
184
184
184
184
184
184
184
184
184
184
184
184
184
184
184
184
184
184
184
184
184
184
184
184
184
184
184
184
184
184
184
184
184
184
184
184
184
184
184
184
184
184
184
184
184
184
184
184
184
184
184
184
184
184
184
184
184
184
184
184
184
184
184
184
184
184
184
184
184
184
184
184
184
184
184
184
184
184
184
184
184
184
184
184
184
184
184
184
184
184
184
184
184
184
184
184
184
184
184
215
184
184
187
184
184
184
184
184
184
184
184
184
54808
229
232
207
191
220
211
189
201
184
214
207
184
184
196
184
201
190
189
203
213
190
186
189
214
189
196
209
186
184
189
211
204
209
207
189
212
190
184
195
196
212
191
207
204
206
186
201
201
207
184
184
186
186
187
184
184
184
184
184
184
184
184
184
184
184
184
184
219
184
184
184
184
184
184
184
184
184
184
184
184
184
184
184
184
184
184
184
184
184
184
184
184
184
184
184
184
184
184
184
184
184
184
184
184
184
184
184
184
184
184
184
184
184
184
184
184
184
184
184
184
184
184
184
184
184
184
184
184
184
184
184
184
184
184
184
184
184
184
184
184
184
184
184
184
184
184
200
184
184
184
184
184
184
184
184
184
184
184
184
184
184
184
184
184
184
184
184
184
184
184
184
184
184
184
184
184
184
184
184
184
184
184
184
184
184
184
184
184
184
184
184
184
184
184
184
184
184
184
184
184
184
184
184
184
184
184
184
184
184
184
184
184
184
184
184
184
209
184
184
184
184
184
184
184
184
184
184
184
184
184
184
184
184
184
184
184
184
184
184
184
184
184
184
184
184
184
184
184
184
184
184
184
184
184
184
201
379
232
216
187
186
201
185
184
185
201
185
185
185
185
185
184
187
201
184
185
190
185
184
185
204
185
211
185
185
185
195
185
185
185
188
185
206
190
189
185
185
185
185
185
191
185
184
190
185
305
185
185
185
185
185
185
185
185
185
184
185
185
185
185
184
184
187
185
184
185
185
185
185
185
185
185
216
185
185
185
185
185
185
185
187
185
185
185
185
185
185
185
185
185
185
185
184
185
185
184
186
185
185
185
185
185
185
185
185
184
185
185
185
185
184
184
187
185
184
185
190
185
185
185
185
185
184
185
185
185
185
185
185
185
185
185
185
185
185
185
185
185
185
185
185
185
185
185
185
185
185
185
185
185
185
185
185
185
185
185
185
185
185
185
185
185
185
185
184
185
185
185
185
185
185
185
185
185
185
185
185
185
185
185
185
185
185
185
185
185
185
185
185
185
185
185
185
185
185
185
185
185
185
185
185
185
185
185
185
185
185
185
185
185
185
185
185
185
184
185
185
185
185
185
185
185
185
185
185
185
185
185
185
185
185
185
185
185
185
185
185
185
185
185
185
185
185
185
185
185
185
185
185
185
185
185
185
185
185
185
185
185
185
185
185
185
185
185
184
185
185
185
185
185
185
185
185
185
185
185
185
185
185
185
185
185
185
185
185
185
185
185
185
185
185
185
185
185
185
185
185
185
185
185
185
185
185
185
185
185
185
185
185
185
185
185
185
185
184
185
185
185
185
185
185
185
185
185
185
185
185
185
185
185
185
185
185
185
185
185
185
185
185
185
185
216
185
235
218
235
191
295
185
244
211
207
191
206
202
204
190
187
184
214
188
197
189
192
201
196
194
217
191
190
211
201
209
220
184
201
190
202
210
214
208
184
207
214
207
196
201
202
209
187
215
186
211
192
185
201
185
185
185
185
186
185
185
185
185
184
185
185
185
185
184
184
187
185
184
185
190
185
185
185
185
185
185
185
185
185
185
185
185
185
185
185
185
185
185
185
185
185
185
185
185
185
185
185
185
185
185
185
185
185
185
185
185
185
185
185
185
185
185
185
185
185
185
185
184
185
185
185
185
185
185
185
185
185
185
185
185
185
185
185
185
185
185
185
185
185
185
185
185
185
185
185
185
185
185
199
185
185
185
185
185
185
185
185
185
185
185
185
185
185
185
185
185
185
184
185
185
185
185
185
185
185
185
185
185
185
185
185
185
185
185
185
185
185
185
185
185
185
185
185
185
185
185
185
185
199
185
185
185
185
185
185
185
185
185
185
185
185
185
185
185
185
185
185
184
185
185
185
185
185
185
185
185
185
185
185
185
185
185
185
185
185
185
185
185
185
185
185
185
185
185
185
185
185
185
185
185
185
185
185
185
185
185
185
185
185
185
185
185
185
185
185
185
185
184
185
185
185
216
185
202
185
185
185
185
185
185
185
185
185
184
185
185
185
185
273
201
185
185
185
185
185
185
185
185
185
185
185
185
259
185
185
185
185
185
184
185
185
185
185
184
184
187
185
184
185
190
185
185
185
185
185
185
185
185
185
185
185
185
185
185
185
185
185
185
185
185
185
185
185
185
185
185
185
185
185
185
185
185
185
185
185
185
185
185
185
185
216
185
185
185
185
185
185
184
185
185
184
184
185
185
185
190
185
169
189
191
184
189
185
188
202
185
184
187
185
185
202
185
185
185
185
201
186
190
189
187
185
185
256
184
207
185
184
184
201
185
185
185
185
184
184
192
185
184
185
190
185
185
185
202
185
201
185
185
185
185
185
185
185
185
185
185
185
185
185
185
185
185
185
185
185
185
185
185
185
185
185
185
185
185
185
185
185
185
185
185
185
185
185
185
185
185
185
184
185
185
185
185
185
185
185
185
185
185
185
185
185
185
185
185
185
185
185
185
185
185
185
185
185
185
185
185
185
185
185
185
185
185
185
185
185
185
185
185
185
185
185
185
185
185
185
185
185
184
185
185
185
185
185
185
185
185
185
185
185
240
216
190
191
212
190
184
190
189
185
184
202
189
185
185
186
208
187
185
215
190
187
185
214
188
204
185
193
184
201
185
189
184
192
185
185
185
190
184
192
190
196
185
190
207
214
189
188
185
202
185
185
185
185
185
185
185
185
185
185
185
185
185
185
185
185
185
185
185
185
185
185
185
185
185
185
185
185
185
185
185
185
185
185
185
185
185
185
184
185
185
185
185
185
185
185
185
428
201
185
185
185
185
185
185
185
184
185
185
185
185
185
185
185
185
185
194
216
199
243
189
187
185
202
189
185
185
188
185
184
191
187
185
185
331
201
187
185
184
184
193
185
185
185
202
185
209
185
185
184
190
184
194
199
193
188
184
196
193
185
201
185
185
185
185
185
184
185
185
185
191
185
185
185
185
185
185
185
185
184
185
185
185
185
185
185
185
185
184
185
185
185
185
185
185
185
185
185
185
185
185
185
185
185
185
185
185
185
185
185
185
185
185
185
185
185
185
185
185
185
185
185
185
185
185
185
185
185
185
185
185
185
185
185
185
185
185
185
184
185
185
185
185
185
185
256
185
185
185
185
185
185
185
185
185
185
185
185
185
185
185
185
185
185
185
185
185
185
185
185
185
185
185
185
185
185
185
185
185
185
185
185
185
185
185
185
185
185
184
185
185
185
185
185
185
185
185
185
185
185
185
185
185
185
185
185
185
185
185
185
185
185
185
185
185
185
185
185
185
185
185
185
185
185
185
185
185
185
185
185
185
185
185
185
185
185
185
185
184
185
185
185
185
185
185
185
185
185
185
185
185
185
185
185
185
185
185
185
185
185
185
185
185
185
185
185
185
185
185
185
185
185
185
185
185
185
185
185
185
185
185
185
185
185
185
288
185
185
184
185
190
185
185
185
185
185
185
185
185
185
185
185
185
200
184
185
185
185
185
185
185
185
185
185
185
185
184
185
185
185
185
185
185
185
185
185
185
185
185
184
185
185
185
185
184
184
187
185
184
185
190
185
185
185
185
185
208
185
185
185
185
185
185
185
185
185
185
185
185
185
185
185
185
185
185
185
185
185
185
185
185
185
185
185
216
202
185
185
185
201
185
185
185
185
185
185
185
185
184
185
185
265
240
190
207
207
209
220
202
213
209
201
206
214
208
202
187
196
189
313
201
204
207
186
189
202
213
190
189
243
208
202
185
213
207
206
191
214
201
186
191
187
185
214
194
185
189
196
206
195
194
185
185
185
185
185
185
185
185
185
185
185
185
185
185
185
185
185
185
185
185
185
185
185
185
185
185
185
185
185
185
185
185
185
185
185
185
185
185
185
185
185
185
185
185
185
185
185
184
185
185
185
185
185
185
185
185
185
185
185
185
185
185
185
185
185
185
185
185
185
185
185
185
185
185
185
185
185
185
185
185
185
185
185
185
185
185
185
185
185
185
185
185
185
185
185
185
185
184
185
185
185
185
185
185
185
185
185
185
185
185
185
185
185
185
185
185
185
185
185
185
185
185
185
185
185
185
185
185
185
185
185
185
185
185
185
185
185
185
185
185
185
185
185
185
185
185
185
184
185
185
185
185
185
185
185
185
185
185
185
185
185
185
185
185
185
185
185
185
185
185
185
185
185
185
185
185
185
185
185
185
185
185
185
185
185
185
185
185
185
185
185
185
185
185
185
185
185
184
185
386
201
185
185
202
185
185
185
185
185
185
185
185
185
185
185
184
185
198
185
185
185
185
185
185
185
184
185
185
187
184
185
185
202
185
185
292
185
185
184
185
185
185
185
184
184
187
185
184
185
185
185
185
185
185
185
204
185
185
185
194
185
185
187
186
185
184
190
185
185
185
185
185
185
185
185
184
185
185
185
185
185
185
185
185
185
185
185
185
185
185
185
185
185
185
185
185
185
184
185
185
185
185
185
185
185
185
185
185
185
185
185
185
185
185
185
185
185
185
185
185
185
185
185
185
185
185
185
185
185
185
185
185
185
185
185
185
185
185
185
185
185
185
185
185
185
185
185
184
185
185
185
185
185
185
185
185
185
185
185
185
185
185
185
185
185
185
185
185
185
185
185
185
185
185
185
185
185
185
185
185
185
185
185
185
185
185
185
185
185
185
185
185
185
185
185
185
185
184
185
185
185
185
185
185
185
185
185
185
185
185
185
185
185
185
185
185
185
185
185
185
185
185
185
185
185
185
185
185
185
185
185
185
185
185
185
185
185
185
185
185
185
185
185
185
185
185
185
184
185
185
185
185
185
185
185
185
185
185
185
185
185
185
185
185
185
185
185
185
185
185
185
185
185
185
185
185
185
185
185
185
185
185
185
185
185
185
273
185
185
185
185
185
185
185
184
185
185
184
185
185
185
185
185
185
200
184
185
185
185
185
185
185
185
185
185
185
185
185
185
185
185
185
185
185
185
185
185
185
185
185
185
185
185
185
185
185
185
185
184
185
185
185
185
184
184
187
185
184
185
272
243
184
190
208
216
208
207
207
213
190
184
211
187
213
407
200
189
206
192
206
209
208
202
189
202
207
192
185
222
190
210
202
216
208
184
185
189
184
201
190
197
204
214
189
185
190
207
190
200
184
185
185
185
185
185
202
185
185
185
185
185
185
185
185
185
185
185
185
185
185
185
185
185
185
185
185
185
185
185
185
185
185
185
185
185
185
185
185
185
185
185
185
185
185
185
185
185
184
185
185
185
185
185
185
185
185
185
185
185
185
185
185
185
185
185
185
185
185
185
185
185
185
185
185
185
185
185
185
185
185
185
185
185
185
185
185
185
185
185
185
185
185
185
185
185
185
185
184
185
185
185
185
185
185
185
185
185
185
185
185
185
185
185
185
185
185
185
185
185
185
185
185
185
185
185
185
185
185
185
185
185
185
185
185
185
185
185
185
185
185
185
185
185
185
185
185
185
184
185
185
185
185
185
185
185
185
185
185
185
185
185
185
185
185
185
185
185
185
185
185
185
185
185
185
185
185
185
185
185
185
185
185
185
185
185
185
185
185
185
185
185
185
185
185
185
185
185
184
185
185
185
185
185
185
185
185
185
185
185
185
185
185
185
185
185
288
185
185
185
185
185
185
185
185
185
184
185
185
185
185
185
185
185
185
534
222
190
170
170
170
170
170
234
170
170
178
170
170
170
170
170
170
180
548
170
182
170
170
178
170
170
170
170
180
170
178
179
177
170
170
170
170
172
174
179
170
170
170
219
174
179
170
170
170
170
170
170
170
170
170
170
170
170
170
170
177
170
170
170
170
170
170
170
170
170
180
170
170
170
170
170
170
170
170
170
170
170
170
170
170
170
170
170
170
170
170
170
170
190
179
170
170
170
170
170
170
170
174
170
170
170
170
170
170
170
180
170
170
170
170
170
170
170
174
170
170
170
170
170
170
170
174
170
170
170
170
170
170
170
179
170
170
170
170
275
186
170
170
209
177
170
170
192
181
170
201
172
170
170
170
170
170
185
174
170
176
176
170
175
180
178
182
171
179
173
173
184
177
170
180
170
181
171
180
170
170
170
174
170
171
172
170
172
177
170
179
170
170
170
170
170
170
170
170
170
170
170
170
170
170
170
170
170
170
170
170
170
170
170
170
170
170
170
170
170
170
170
170
170
170
170
170
170
170
170
170
170
170
170
170
170
170
170
170
170
170
170
170
170
170
174
170
170
170
170
170
170
170
174
170
170
170
170
170
170
170
174
170
170
170
170
170
170
170
174
170
170
170
170
170
170
170
174
733
170
170
170
170
170
170
174
170
170
170
170
177
170
170
172
170
170
170
178
170
170
170
170
170
170
170
170
170
170
170
170
177
170
170
170
173
170
170
170
170
170
182
170
170
170
177
170
177
170
180
170
170
170
170
170
170
170
170
170
170
170
170
170
170
170
170
170
170
170
174
170
170
170
170
170
170
170
174
170
170
170
170
170
170
170
174
170
170
170
170
170
170
170
170
170
170
170
170
170
170
170
174
170
170
170
170
170
170
170
174
170
170
170
170
170
170
170
170
170
170
170
170
170
170
170
170
170
170
170
170
170
170
170
170
170
170
170
170
170
170
170
170
170
170
170
170
170
170
170
170
170
170
170
170
170
170
170
170
170
170
170
170
170
170
212
170
170
170
170
170
170
170
174
170
170
170
170
170
170
170
174
170
170
170
170
170
170
170
186
170
170
170
170
170
170
170
174
170
170
170
170
170
170
170
174
170
170
170
170
170
170
170
174
170
170
170
170
170
170
170
170
170
170
170
170
170
170
170
170
170
170
170
170
170
170
170
170
170
170
170
170
170
170
170
170
170
170
170
170
170
170
170
170
170
170
170
170
170
170
170
170
170
170
170
170
170
170
170
170
170
170
170
170
170
172
174
170
170
170
170
170
177
170
174
170
173
170
170
170
170
170
174
325
170
170
170
170
170
170
174
170
170
170
170
170
170
170
174
170
170
170
170
211
170
170
170
170
170
170
170
170
170
170
170
170
170
170
170
170
170
326
177
170
170
180
173
170
170
170
170
170
185
170
170
170
177
170
178
170
177
170
170
187
170
170
170
170
170
170
170
170
170
170
192
189
211
183
172
172
172
174
172
172
172
172
172
172
172
172
172
172
191
172
172
172
172
172
172
172
191
172
194
172
172
172
191
172
172
172
192
172
172
194
172
172
172
172
174
172
178
172
172
172
172
172
172
172
172
172
172
172
172
172
172
172
172
172
172
172
172
172
172
172
172
172
172
172
172
172
172
172
172
172
172
172
172
172
172
172
172
172
172
172
172
172
172
172
172
172
172
172
172
172
172
172
172
172
172
172
172
172
172
172
172
172
172
172
172
172
172
172
172
172
172
172
172
172
172
172
172
172
172
172
172
172
172
172
172
172
172
172
172
172
172
172
172
172
172
172
172
172
172
172
172
172
172
172
172
172
172
172
172
172
172
172
172
172
172
172
172
172
172
172
172
172
172
172
172
172
172
172
172
172
172
172
172
172
172
172
172
172
172
172
172
172
172
172
172
172
172
172
172
172
219
189
201
196
174
186
192
172
172
198
172
174
172
172
172
200
172
172
172
172
172
183
184
185
177
177
195
207
177
173
172
185
194
172
177
184
196
184
172
199
191
172
172
172
172
174
172
172
188
172
172
172
172
172
172
172
172
172
172
172
172
172
172
172
172
172
172
172
172
172
172
172
172
172
172
172
172
172
203
172
174
172
194
172
191
194
194
172
172
198
172
172
172
174
172
172
172
172
172
172
172
177
191
172
172
172
172
174
172
172
172
174
172
172
172
172
172
172
172
172
172
172
172
172
174
172
172
172
172
172
172
172
172
172
172
172
172
172
172
172
172
172
172
172
172
172
172
172
172
172
172
172
172
172
172
172
172
172
172
172
172
172
172
172
172
172
172
172
172
172
172
172
172
172
172
172
172
172
172
172
172
172
172
172
172
172
172
172
172
172
172
172
172
172
172
172
172
172
172
172
172
