266
291
338
289
204
209
201
209
201
209
201
377
204
209
201
209
201
209
201
206
287
209
201
209
201
209
201
209
445
272
263
273
263
272
263
270
263
300
204
209
201
209
201
209
201
291
204
209
201
207
210
184
201
252
252
252
252
252
252
252
252
218
184
184
184
184
184
184
184
184
184
184
184
184
184
184
184
184
252
252
252
252
252
252
252
252
252
184
184
184
184
184
184
184
184
184
168
184
184
184
221
200
217
261
252
252
252
252
252
252
252
218
184
184
184
184
184
184
184
184
184
184
184
184
197
189
191
184
252
263
256
252
261
252
252
252
252
184
184
184
184
193
197
184
184
186
184
184
184
184
184
184
201
252
252
252
252
252
252
252
252
218
184
184
184
184
184
184
184
184
184
184
184
184
184
184
184
184
252
252
252
252
252
252
252
252
252
184
184
184
184
184
184
184
184
184
184
184
184
184
184
184
201
252
252
252
252
252
252
252
252
218
184
184
184
184
184
184
184
184
184
184
184
184
184
184
184
184
252
252
252
252
252
252
252
252
252
184
184
184
184
184
184
184
184
184
184
184
184
184
200
184
201
252
263
252
252
252
252
252
252
218
184
184
184
184
184
184
198
200
184
184
184
184
192
189
184
184
252
253
256
252
252
252
252
252
252
184
184
184
184
193
196
184
184
186
184
184
184
184
200
184
201
252
263
252
252
252
252
252
252
218
184
184
201
184
184
184
184
184
184
184
184
184
184
184
184
184
252
252
252
252
252
252
252
252
252
184
184
184
184
184
184
184
184
184
184
184
184
235
215
200
221
252
252
252
252
252
252
252
252
218
184
184
184
184
184
184
184
184
184
184
184
184
192
189
184
184
258
263
256
252
252
252
252
252
252
184
184
184
184
188
197
184
184
184
184
184
184
184
184
184
201
252
252
252
252
252
252
252
252
218
184
184
184
184
184
184
184
184
184
184
184
184
184
184
184
184
252
252
252
252
252
252
252
252
252
184
184
184
184
184
184
184
184
184
184
184
184
184
184
184
201
252
252
252
252
252
252
252
252
218
184
184
184
184
184
184
184
184
184
184
184
184
184
184
184
184
252
252
252
252
252
252
252
252
252
184
184
184
184
184
184
184
184
184
184
184
184
184
184
184
201
252
252
252
252
252
252
252
252
218
184
184
184
184
184
184
184
184
184
184
184
184
184
184
184
184
252
252
252
252
252
252
252
252
252
184
184
184
184
184
184
184
184
184
184
184
184
184
184
184
201
252
252
252
252
252
252
252
252
218
184
184
184
184
184
184
184
184
184
40849
225
221
205
190
201
184
258
263
263
254
252
206
235
240
261
189
190
190
196
191
197
186
187
197
201
184
449
201
221
184
226
259
264
262
263
260
252
264
312
274
184
201
201
190
184
184
201
188
196
188
184
203
192
189
184
215
252
263
263
252
252
252
263
252
261
184
186
184
187
189
189
184
184
184
184
184
184
184
184
184
201
259
263
252
252
252
252
252
252
218
184
184
184
186
184
184
184
184
184
184
184
203
186
189
184
184
252
252
252
252
252
252
252
252
252
184
184
184
184
184
184
184
184
184
184
184
184
184
184
184
201
252
252
252
252
252
252
252
252
218
184
184
184
184
184
184
184
184
184
184
184
184
184
184
184
184
252
252
252
252
252
252
252
252
252
184
184
184
184
184
184
184
184
184
184
184
184
184
184
184
201
252
252
252
252
252
252
252
252
218
184
184
184
184
184
184
184
184
184
184
184
184
184
184
184
184
252
252
252
252
252
252
252
252
252
184
184
184
184
184
184
184
184
184
184
184
184
184
184
184
201
252
252
252
252
252
252
252
252
218
184
184
184
184
184
184
184
184
184
184
184
184
184
184
184
184
252
252
252
252
252
252
252
252
252
184
184
184
184
184
184
184
184
184
184
184
184
184
184
184
201
252
252
252
252
252
252
252
252
218
184
184
184
184
184
184
184
184
184
184
184
184
184
184
184
184
301
252
252
252
252
252
252
252
261
184
184
184
184
184
189
184
184
184
272
184
184
184
184
184
201
252
252
252
252
252
252
252
252
218
184
184
184
184
184
184
184
184
184
184
184
184
189
189
184
184
329
252
252
252
252
252
252
252
261
184
184
184
184
193
189
184
184
215
184
184
184
184
221
184
201
260
264
252
252
252
252
252
252
218
184
184
184
184
184
184
184
184
184
186
184
201
189
189
184
184
252
263
263
252
252
252
252
252
261
184
186
184
184
189
189
184
184
184
184
184
184
184
184
184
201
252
252
252
252
252
252
252
252
218
184
184
184
184
184
184
184
184
184
184
184
184
272
221
186
186
258
251
264
272
239
251
247
242
244
207
189
211
195
189
213
210
193
201
217
201
213
191
208
201
219
265
265
262
265
259
264
263
257
219
190
184
192
209
184
184
184
203
213
190
213
207
184
184
184
184
252
252
252
252
252
252
252
252
252
184
184
184
184
184
184
184
184
184
184
184
184
184
184
184
201
252
252
252
252
252
252
252
252
218
184
184
184
184
184
184
184
184
184
184
184
184
184
184
184
184
252
252
252
252
252
252
252
252
252
184
184
184
184
184
184
184
184
184
184
184
184
184
184
184
201
252
252
252
252
252
252
252
252
218
184
184
184
184
184
184
184
184
184
184
184
791
184
184
184
184
252
252
256
252
252
252
252
252
252
184
186
184
184
246
189
184
184
184
184
184
184
184
184
184
201
260
264
252
252
252
252
252
252
218
184
184
184
184
184
184
184
184
184
186
184
184
196
190
184
184
252
252
252
252
252
252
252
252
261
184
184
184
187
184
185
184
184
184
184
184
184
184
184
184
201
252
252
252
252
252
252
252
252
218
184
184
184
184
184
184
184
184
184
184
184
184
184
188
184
184
252
252
252
252
252
252
252
252
252
184
184
184
184
184
184
184
184
184
184
184
184
184
184
184
201
252
252
252
252
252
252
252
252
218
184
184
184
184
184
184
184
184
184
184
184
184
184
184
184
184
252
252
252
252
252
252
252
252
252
184
184
184
184
184
184
184
184
184
184
184
184
184
184
184
201
252
252
252
252
252
252
252
252
218
184
184
184
184
184
184
184
184
184
184
184
184
184
184
184
184
252
252
252
252
252
252
252
252
252
184
184
184
184
184
184
184
184
184
184
184
184
184
184
184
201
252
252
252
252
252
252
252
252
218
184
184
184
184
184
184
184
184
184
184
184
184
184
185
184
184
252
252
252
252
252
252
252
252
252
184
184
184
184
184
227
201
185
185
185
185
185
185
396
220
248
260
264
252
252
252
252
252
218
219
185
185
185
184
185
185
185
184
184
187
185
202
214
185
185
185
271
270
263
252
252
252
252
252
263
185
187
185
184
189
190
184
190
216
185
185
185
185
178
185
201
253
264
252
252
252
252
252
235
219
185
185
202
184
185
185
185
184
185
187
185
202
190
190
185
185
252
265
256
252
252
252
252
252
263
185
187
185
184
190
190
184
185
185
185
185
185
185
185
185
201
252
252
252
252
252
252
252
252
219
185
185
185
185
185
185
185
184
185
185
185
185
185
185
185
185
252
252
252
252
252
252
252
252
252
185
185
185
185
185
185
185
185
185
185
185
185
185
185
185
201
252
252
252
252
252
252
252
252
219
185
185
185
185
185
185
185
184
185
185
185
185
185
185
185
185
252
252
252
252
252
252
252
252
252
185
185
185
185
185
185
185
185
185
185
185
185
185
185
185
201
252
252
252
252
252
252
252
252
245
228
202
184
184
202
185
185
186
191
189
196
190
192
195
203
184
269
263
263
254
252
223
246
239
263
185
190
191
197
194
197
203
190
190
204
187
202
187
202
185
214
264
264
252
263
260
263
263
252
219
185
185
185
185
185
185
185
184
185
185
185
185
185
185
185
185
252
252
252
252
252
252
252
252
252
185
185
185
185
185
185
185
185
185
185
185
185
496
216
185
214
264
264
252
252
252
252
252
252
219
185
185
185
185
185
185
279
215
190
186
185
203
214
195
197
190
247
272
263
246
252
246
252
391
281
204
194
185
184
210
200
193
190
202
185
185
184
185
221
189
219
264
264
264
252
262
252
252
257
219
184
185
202
188
185
185
185
184
185
185
185
184
193
190
185
185
260
263
256
252
252
252
252
252
252
185
185
185
185
185
185
185
185
185
185
185
185
185
185
185
201
252
252
252
252
252
252
252
252
219
185
185
185
185
185
185
185
184
185
185
185
185
185
185
185
185
252
252
252
252
252
252
252
252
252
185
185
185
185
185
185
185
185
185
185
185
185
185
185
185
201
252
252
252
252
252
252
252
252
219
185
185
185
185
185
185
185
184
185
185
185
185
185
185
185
185
252
252
252
252
252
252
252
252
252
185
185
185
185
185
185
185
185
185
185
185
185
185
185
185
201
252
252
252
252
252
252
252
252
219
185
185
185
185
185
185
185
184
185
185
185
185
185
185
185
185
252
252
252
252
252
252
252
252
252
185
185
185
185
185
185
185
185
185
185
185
185
185
185
185
201
252
252
252
252
252
252
252
252
219
185
185
185
185
185
185
185
184
185
185
185
185
185
185
185
185
252
252
252
252
252
252
252
252
380
185
185
185
185
185
190
185
185
185
185
185
274
215
243
203
219
233
247
226
243
248
240
250
222
218
190
202
184
469
200
184
202
201
204
191
214
208
201
191
204
193
284
272
264
272
263
270
263
270
266
207
190
206
197
207
214
210
195
184
208
202
185
185
201
185
201
259
263
252
252
252
252
252
252
219
185
185
185
185
185
185
185
184
185
185
185
185
185
185
185
185
252
252
252
252
252
252
252
252
252
185
185
185
185
185
185
185
185
185
185
185
185
185
201
185
201
252
252
252
252
252
252
252
252
219
185
185
185
185
185
185
185
184
185
185
185
185
185
185
185
185
252
252
252
252
252
252
252
252
252
185
185
185
185
185
185
185
185
185
185
185
185
185
185
185
201
252
252
252
252
252
252
252
252
219
185
185
185
185
185
185
185
184
185
185
185
185
185
185
185
185
252
252
252
252
252
252
252
252
252
185
185
185
185
185
185
185
185
185
185
185
185
185
185
185
201
252
252
252
252
252
252
252
252
219
185
185
185
185
185
185
185
184
185
185
185
185
185
185
185
185
252
252
252
252
252
252
252
252
252
185
185
185
185
185
185
185
185
185
185
185
185
185
185
185
201
252
252
252
252
252
252
252
252
219
185
185
185
185
291
185
185
184
185
185
185
185
185
190
185
185
252
252
252
252
252
252
267
252
263
185
185
185
185
188
190
184
185
185
185
185
185
185
185
185
201
289
252
262
252
252
252
252
252
219
185
185
185
184
185
185
185
184
185
185
185
184
197
190
185
185
260
270
263
263
252
252
252
252
263
185
185
185
184
189
190
184
185
185
185
185
185
185
185
185
203
265
252
252
252
252
252
252
252
219
185
185
185
184
185
185
185
184
185
185
185
185
185
185
185
185
252
252
252
252
252
252
252
252
252
185
185
185
185
185
185
185
185
185
185
185
185
185
185
185
201
252
252
252
252
252
252
252
252
219
185
185
185
185
185
185
185
184
185
185
185
185
185
185
185
185
252
252
252
252
252
252
252
252
252
185
185
185
185
185
185
185
185
185
185
185
185
185
185
185
201
252
252
252
252
252
252
252
252
219
185
185
185
185
185
185
185
184
185
185
185
185
185
185
185
185
252
252
252
252
252
252
252
252
252
185
185
185
185
185
185
185
185
185
185
185
185
185
185
185
201
252
252
252
252
252
252
252
252
219
185
185
185
185
185
185
185
184
185
185
185
185
185
185
185
185
252
252
252
252
252
252
252
252
252
185
185
185
185
185
185
185
185
185
185
185
185
185
185
185
201
252
252
252
252
252
252
252
252
219
185
185
185
185
185
185
185
184
185
185
214
185
185
190
185
185
252
252
252
252
252
252
252
252
263
185
185
273
185
190
193
184
185
185
185
185
40367
216
233
215
242
243
264
226
201
251
264
235
243
244
185
202
202
189
202
185
202
188
244
189
196
208
187
195
207
189
281
263
263
272
256
272
263
254
265
184
187
195
196
191
199
207
189
198
185
185
185
185
185
185
201
263
252
252
252
252
252
252
252
219
185
185
202
184
185
185
185
184
185
185
185
185
185
185
185
185
252
252
252
252
252
252
252
252
252
185
185
185
185
185
185
185
185
185
185
185
185
185
185
185
201
252
252
252
252
252
252
252
252
219
185
185
185
185
185
185
185
184
185
185
185
185
185
185
185
185
252
252
252
252
252
252
252
252
252
185
185
185
185
185
185
185
185
185
185
185
185
185
185
185
201
252
252
252
252
252
252
252
252
219
185
185
185
185
185
185
185
184
185
185
185
185
185
185
185
185
252
252
252
252
252
252
252
252
252
185
185
185
185
185
185
185
185
185
185
185
185
185
185
185
201
252
252
252
252
252
252
252
252
219
185
185
185
185
185
185
185
184
185
185
185
185
185
185
185
185
252
252
252
252
252
252
252
252
252
185
185
185
185
185
185
185
185
185
185
185
185
185
185
185
201
252
252
252
252
252
252
252
252
219
185
185
185
185
185
185
185
184
185
216
185
185
185
190
185
185
252
252
252
252
252
252
252
252
263
185
273
201
185
186
190
184
185
185
185
185
185
185
185
185
201
258
252
252
252
252
252
252
252
219
185
185
185
184
185
185
185
184
185
185
185
184
193
190
185
185
252
252
256
252
252
252
252
252
263
185
185
185
185
185
185
185
216
185
185
185
185
185
185
185
201
256
252
252
252
252
252
252
252
219
207
185
185
184
185
185
185
184
185
187
185
184
193
190
185
185
254
252
263
252
252
252
252
252
263
185
187
185
185
194
190
184
185
185
185
185
185
185
185
185
201
258
252
252
252
252
252
252
252
219
185
185
185
185
185
185
185
184
185
185
277
220
192
195
204
187
258
252
264
263
263
207
248
252
264
185
193
211
189
189
215
211
190
188
206
202
185
185
238
184
223
264
264
262
264
259
264
263
257
242
185
187
185
184
185
184
185
190
189
194
185
185
185
185
185
185
252
252
252
252
252
252
252
252
252
185
185
185
185
185
185
185
185
185
185
185
185
185
185
185
201
252
252
252
252
252
252
252
252
219
185
185
185
185
185
185
185
184
185
185
185
185
185
185
185
185
252
252
252
252
252
252
252
252
252
185
185
185
185
185
185
185
185
185
185
185
185
185
185
185
201
252
252
252
252
252
252
252
252
219
185
185
185
185
185
185
185
184
185
185
185
185
185
186
185
185
252
252
252
252
252
252
252
252
252
185
185
185
185
185
185
185
185
185
185
185
185
185
185
185
201
252
252
252
252
252
252
252
283
219
185
185
185
185
185
185
185
184
185
185
561
201
185
191
185
185
261
263
263
252
252
252
252
252
252
185
187
288
204
192
190
184
185
185
185
185
185
185
185
185
201
263
252
252
252
252
252
252
252
219
185
185
185
184
185
185
185
184
184
187
185
184
197
190
185
185
261
252
252
252
252
252
252
252
252
185
185
185
185
185
185
185
185
185
185
185
185
185
185
185
201
252
252
252
252
252
252
252
252
219
185
185
185
185
185
185
185
184
185
185
185
185
185
185
185
185
252
252
252
252
252
252
252
252
252
185
185
185
185
185
186
185
185
185
185
185
185
185
185
185
201
252
252
252
252
252
252
252
252
219
185
185
185
185
185
185
185
184
185
185
185
185
185
185
185
185
252
252
252
252
252
252
252
252
252
185
185
185
185
185
185
185
185
185
185
185
185
185
185
185
201
252
252
252
252
252
252
252
252
219
185
185
185
185
185
185
185
184
185
185
185
185
185
185
185
185
252
252
252
252
252
252
252
252
252
185
185
185
185
185
185
185
185
185
185
185
185
185
185
185
201
252
252
252
252
252
252
252
252
219
185
185
185
185
185
185
185
184
185
185
185
185
185
185
185
185
252
252
252
252
252
252
252
252
252
185
185
185
276
225
218
190
170
170
170
170
170
170
207
170
197
227
248
221
221
221
221
489
227
202
170
170
170
170
170
170
174
170
170
177
170
171
170
170
178
170
258
232
239
221
221
221
227
221
239
170
180
170
170
177
182
170
389
170
170
170
170
170
192
170
178
240
248
221
221
221
221
221
221
202
170
172
170
170
170
170
170
170
170
177
170
170
183
170
170
170
229
232
239
221
221
221
221
221
221
170
180
170
170
177
170
170
170
170
170
170
170
170
192
170
170
227
246
221
221
221
221
221
221
202
170
174
170
170
170
170
170
170
170
174
170
170
170
170
170
170
221
232
221
221
221
221
221
221
221
174
170
170
170
170
170
170
170
174
170
170
170
170
170
170
170
221
221
221
221
221
221
221
221
202
170
170
170
170
170
170
170
170
170
170
170
170
170
170
170
170
221
221
221
221
221
221
221
221
221
170
170
170
170
170
170
170
170
170
170
170
170
170
205
170
170
221
221
221
221
221
227
221
221
202
170
170
170
170
179
170
170
170
170
170
170
170
174
170
170
170
221
221
221
221
231
221
221
221
221
170
170
170
174
170
170
170
170
170
170
170
237
240
209
170
187
227
246
221
243
227
243
240
247
207
170
170
170
170
170
170
170
177
184
179
175
171
170
180
182
170
245
234
239
222
221
245
221
221
241
170
184
170
190
177
191
179
170
174
170
177
170
170
172
170
170
227
221
221
221
221
221
221
221
202
170
170
170
170
170
170
222
174
170
177
170
170
170
170
170
174
227
232
225
232
221
221
221
227
402
170
180
170
170
173
170
174
170
170
170
170
170
170
205
170
176
227
223
221
221
221
221
221
221
202
170
170
170
170
170
170
170
170
170
170
170
170
190
170
170
170
223
243
239
221
221
221
221
221
221
170
170
170
170
170
170
170
170
170
170
170
170
170
170
170
170
221
221
221
227
221
221
221
221
202
170
170
182
170
170
170
170
170
170
170
170
170
170
170
170
170
221
221
227
221
221
221
221
221
221
170
174
170
170
170
170
170
170
170
174
170
170
170
170
170
170
221
267
242
225
225
225
225
225
206
172
172
172
172
172
172
172
172
172
191
172
172
172
185
172
172
249
249
229
225
225
225
225
225
225
172
194
172
172
172
183
172
172
172
172
172
172
172
189
172
175
243
225
225
225
225
225
225
225
206
172
172
172
172
172
172
172
172
172
172
172
172
172
172
172
172
225
225
225
225
225
225
225
225
225
172
172
172
172
172
172
172
172
172
238
198
172
172
203
175
203
229
232
246
251
214
254
244
202
218
172
191
172
172
172
172
172
172
184
192
202
179
200
191
196
172
262
225
247
249
243
226
245
249
243
172
173
196
204
191
191
198
184
172
172
172
172
172
172
172
186
231
227
225
225
225
225
225
225
206
172
172
172
172
172
172
172
172
172
191
172
172
172
172
172
172
225
236
225
225
225
225
225
225
225
172
172
172
172
172
172
172
172
172
172
172
172
172
172
172
174
225
225
225
225
225
225
225
225
206
172
172
172
172
172
172
172
172
172
172
172
172
172
172
172
172
225
225
225
225
225
225
225
225
225
172
172
172
172
172
172
172
172
172
172
172
172
172
172
172
174
225
225
225
225
225
225
225
225
206
172
172
172
172
172
172
172
172
172
172
172
172
172
172
172
172
225
225
225
225
225
225
225
225
225
172
172
172
172
172
172
172
172
172
172
172
172
172
172
172
174
225
225
225
225
225
225
225
225
206
172
172
172
172
172
172
172
172
172
172
172
172
172
172
172
172
225
225
225
225
225
225
225
225
225
172
172
172
172
172
172
172
172
172
172
172
172
172
172
172
174
225
225
225
225
225
225
225
225
206
172
172
172
172
172
172
172
172
172
172
172
172
172
172
172
172
225
225
225
225
225
225
225
225
225
172
172
172
172
172
172
172
172
172
172
172
172
172
172
172
174
225
225
225
225
225
225
225
225
206
172
172
172
172
172
172
172
172
172
172
172
172
172
172
172
172
225
225
225
225
225
225
225
225
225
172
172
172
172
172
172
172
172
172
172
172
172
172
172
172
174
225
225
225
225
225
225
225
225
206
172
172
172
172
172
172
172
172
172
172
172
172
172
172
172
172
225
225
225
225
225
225
225
225
225
172
172
172
172
172
172
172
172
172
172
172
172
172
172
172
174
225
225
225
225
225
225
225
225
206
172
172
172
172
172
172
172
172
172
172
172
172
172
172
172
172
225
225
225
225
225
225
225
225
225
172
194
172
172
172
172
172
172
172
172
172
172
172
172
172
174
243
225
225
225
225
225
225
225
206
172
172
172
172
172
172
172
172
172
191
172
172
172
172
172
172
225
225
229
225
225
225
225
225
225
172
172
172
172
172
172
172
172
172
172
172
172
172
172
172
174
225
225
225
225
225
225
225
225
206
172
172
172
172
172
172
172
172
172
172
172
172
172
172
172
172
225
225
225
225
225
225
225
225
225
172
172
172
172
172
172
172
172
172
172
172
172
172
172
172
174
225
225
225
225
225
225
225
225
206
172
172
172
172
172
172
172
172
172
172
172
172
172
172
172
172
225
225
225
225
225
225
225
225
225
172
172
172
172
172
172
172
172
172
172
172
172
172
172
172
174
225
225
225
225
225
225
225
225
206
172
172
172
172
172
172
172
172
172
172
172
172
172
172
172
172
225
225
225
225
225
225
225
225
225
172
172
172
172
172
172
172
172
172
172
172
172
172
172
172
174
225
225
225
225
225
225
225
225
206
172
172
172
172
172
172
172
172
172
172
172
172
172
172
172
172
225
225
225
225
225
225
225
225
225
172
172
172
172
172
172
172
172
172
172
172
172
172
172
172
174
225
225
225
225
225
225
225
225
206
172
172
172
172
172
172
172
172
172
172
172
172
172
172
172
172
225
225
225
225
225
225
225
225
225
172
172
172
172
172
172
172
172
172
172
172
172
172
172
172
174
225
225
225
225
225
225
225
225
206
172
172
172
172
172
172
172
172
172
172
172
172
172
172
172
172
225
225
225
225
225
225
225
225
225
172
172
172
172
172
172
172
172
172
172
172
172
172
172
172
174
225
225
225
225
225
225
225
225
206
172
172
172
172
172
172
172
172
172
172
172
172
172
172
172
172
225
225
225
225
225
225
225
225
225
172
172
172
172
172
172
172
172
172
434
174
172
172
172
172
174
243
225
225
225
225
225
225
225
206
172
172
172
172
172
172
172
172
172
191
172
172
172
172
172
172
225
225
229
225
225
225
225
225
225
172
194
172
172
172
172
172
172
172
172
172
172
172
